DATAFILE
renf90.dat
NUMBER_OF_TRAITS
12
NUMBER_OF_EFFECTS
19
# The model is the following:
# Milk/Fat/Protein = Farm + Lactation_no + (animal)
OBSERVATION(S)
1 2 3 4 5 6 7 8 9 10 11 12
# Milk, SCC 1-11
WEIGHT(S)

EFFECTS: POSITIONS_IN_DATAFILE NUMBER_OF_LEVELS TYPE_OF_EFFECT[EFFECT NESTED]
13 13 13 13 13 13 13 13 13 13 13 13 1 cov
# 1 Lactation no
14 14 14 14 14 14 14 14 14 14 14 14 1 cov
# 2 Cow's Age
15 15 15 15 15 15 15 15 15 15 15 15      1452 cross
# 3 Farm
16 16 16 16 16 16 16 16 16 16 16 16 12 cross
# 4 Season
17 17 17 17 17 17 17 17 17 17 17 17 7 cross
# 5 Year
18 18 18 18 18 18 18 18 18 18 18 18        77 cross
# 6 First test day
19 19 19 19 19 19 19 19 19 19 19 19       130 cross
# 7 Second test day
20 20 20 20 20 20 20 20 20 20 20 20       149 cross
# 8 Third test day
21 21 21 21 21 21 21 21 21 21 21 21       158 cross
# 9 Fourth test day
22 22 22 22 22 22 22 22 22 22 22 22       162 cross
# 10 Fifth test day
23 23 23 23 23 23 23 23 23 23 23 23       169 cross
# 11 Sixth test day
24 24 24 24 24 24 24 24 24 24 24 24       160 cross
# 12 Seventh test day
25 25 25 25 25 25 25 25 25 25 25 25       144 cross
# 13 Eigth test day
26 26 26 26 26 26 26 26 26 26 26 26       117 cross
# 14 Ninth test day
27 27 27 27 27 27 27 27 27 27 27 27        87 cross
# 15 Tenth test day
28 28 28 28 28 28 28 28 28 28 28 28        56 cross
# 16 Eleventh test day
29 29 29 29 29 29 29 29 29 29 29 29        25 cross
# 17 Twelth test day
30 30 30 30 30 30 30 30 30 30 30 30         4 cross
# 18 Thirteenth test day
31 31 31 31 31 31 31 31 31 31 31 31    214410 cross
# 19 The animal itself
RANDOM_RESIDUAL VALUES
8370.06 -10019.8 2331.16 2263.7 -5721.07 -4366.3 -3807.18 -2637.84 -1274.13 -703.08 561.69 2148.82
-10019.8 878374.56 21368.98 16577.84 143603.32 109027.58 93361.62 73603.51 61692.2 47195.91 37677.53 30807.03
2331.16 21368.98 252866.47 61535.72 34746.1 39003.94 48295.16 52307.94 48931.76 56776.85 62508.35 77239.86
2263.7 16577.84 61535.72 240109.69 25882.71 31160.23 35504.7 39368.92 38364.97 42277.13 42791.29 51518.71
-5721.07 143603.32 34746.1 25882.71 640246.4 166034.05 132157.91 104956.11 88405.79 65331.47 56038.4 41165.73
-4366.3 109027.58 39003.94 31160.23 166034.05 594511.64 180025.27 141129.21 106334.19 89615.22 71005.44 56913.01
-3807.18 93361.62 48295.16 35504.7 132157.91 180025.27 610456.39 178713.64 141075.65 106958.36 81584.49 61053.86
-2637.84 73603.51 52307.94 39368.92 104956.11 141129.21 178713.64 532817.65 155156.2 133007.55 93427.29 72277.03
-1274.13 61692.2 48931.76 38364.97 88405.79 106334.19 141075.65 155156.2 467040.96 141336.59 103807.81 73104.97
-703.08 47195.91 56776.85 42277.13 65331.47 89615.22 106958.36 133007.55 141336.59 445591.76 119183.9 92616.87
561.69 37677.53 62508.35 42791.29 56038.4 71005.44 81584.49 93427.29 103807.81 119183.9 379958.98 95235.73
2148.82 30807.03 77239.86 51518.71 41165.73 56913.01 61053.86 72277.03 73104.97 92616.87 95235.73 334292.26
RANDOM_GROUP
19
RANDOM_TYPE
add_an_upginb
FILE
renadd19.ped 
(CO)VARIANCES
1.0 -0.1168571217033566 0.06809283933888914 0.06793478472979354 -0.0781801269128494 -0.06666168762389854 -0.06115647677307129 -0.04788821377925656 -0.025772040611387815 -0.015003768334068981 0.013210547782340489 0.054279178935674216
-0.1168571217033566 1.0 0.05213989754127184 0.04202262690957591 0.19148100077784708 0.1607443915628284 0.1406514985740475 0.12045981561077077 0.10873936876089497 0.0865624062954517 0.07560145817333572 0.0660949384326971
0.06809283933888914 0.05213989754127184 1.0 0.2386013048426536 0.1019132749096241 0.11508276060040702 0.14954583556606205 0.1654845454131316 0.15436497473752 0.17799287406854744 0.20585216447315655 0.2587220990942234
0.06793478472979354 0.04202262690957591 0.2386013048426536 1.0 0.07645564331758996 0.09257413229529064 0.11003397018361487 0.12657332608869948 0.12198980432872746 0.13539838945653243 0.1449122651376726 0.1818677454241597
-0.0781801269128494 0.19148100077784708 0.1019132749096241 0.07645564331758996 1.0 0.26591545081942514 0.223433371722096 0.19518482140970334 0.17906257389469565 0.13923561846780266 0.13240323807946924 0.10464789330508378
-0.06666168762389854 0.1607443915628284 0.11508276060040702 0.09257413229529064 0.26591545081942514 1.0 0.29540178620064694 0.26618533781603965 0.21856456866895393 0.19445988461921962 0.1691293209243025 0.14678287266669054
-0.06115647677307129 0.1406514985740475 0.14954583556606205 0.11003397018361487 0.223433371722096 0.29540178620064694 1.0 0.3096922744997655 0.2881144861600216 0.233396291368079 0.20040454534666047 0.16280409846593485
-0.04788821377925656 0.12045981561077077 0.1654845454131316 0.12657332608869948 0.19518482140970334 0.26618533781603965 0.3096922744997655 1.0 0.30699232793537945 0.29172452103384017 0.23224539621303122 0.19680347389072847
-0.025772040611387815 0.10873936876089497 0.15436497473752 0.12198980432872746 0.17906257389469565 0.21856456866895393 0.2881144861600216 0.30699232793537945 1.0 0.30586277133960915 0.2606930417707291 0.2014376120235
-0.015003768334068981 0.0865624062954517 0.17799287406854744 0.13539838945653243 0.13923561846780266 0.19445988461921962 0.233396291368079 0.29172452103384017 0.30586277133960915 1.0 0.2860067866968245 0.2505654159433975
0.013210547782340489 0.07560145817333572 0.20585216447315655 0.1449122651376726 0.13240323807946924 0.1691293209243025 0.20040454534666047 0.23224539621303122 0.2606930417707291 0.2860067866968245 1.0 0.2636389734343179
0.054279178935674216 0.0660949384326971 0.2587220990942234 0.1818677454241597 0.10464789330508378 0.14678287266669054 0.16280409846593485 0.19680347389072847 0.2014376120235 0.2505654159433975 0.2636389734343179 1.0
RANDOM_GROUP
3
RANDOM_TYPE
diagonal
FILE

(CO)VARIANCES
1.0 -0.11769919751006624 0.1784030583670585 0.15834503512557918 -0.07338397971621864 -0.04704513441548316 -0.04330582319435836 -0.0016750266966981783 -0.0003895573200222824 0.044217226207711416 0.08918831295965908 0.15380815774156306
-0.11769919751006624 1.0 0.04584742863962766 0.03416139779271502 0.24775610446176835 0.22079068339316385 0.177463003945689 0.1871000740629083 0.14607536994810394 0.13356212232704093 0.10904753573782007 0.08686621716594038
0.1784030583670585 0.04584742863962766 1.0 0.36794484402279015 0.11663070303046788 0.12145108741573195 0.17393042391385788 0.18277648845594735 0.2010062162681138 0.22282150627809488 0.2653458292929725 0.3608303470552133
0.15834503512557918 0.03416139779271502 0.36794484402279015 1.0 0.07104197056101177 0.07647883564999063 0.10474451162671905 0.12355735613253511 0.13190910594042302 0.1540137680946108 0.19218525025273728 0.22282025016083745
-0.07338397971621864 0.24775610446176835 0.11663070303046788 0.07104197056101177 1.0 0.36622752783877854 0.32069282351032774 0.28460856315998845 0.2529184559167366 0.2175093193965211 0.16112671538326 0.14371510523957415
-0.04704513441548316 0.22079068339316385 0.12145108741573195 0.07647883564999063 0.36622752783877854 1.0 0.4199025468060641 0.3823118330221225 0.31889213507665165 0.2680449757391502 0.21971657519423238 0.1770755674921225
-0.04330582319435836 0.177463003945689 0.17393042391385788 0.10474451162671905 0.32069282351032774 0.4199025468060641 1.0 0.44578190233798776 0.39359960834943697 0.31399065107774327 0.2629680491055053 0.20321033059114188
-0.0016750266966981783 0.1871000740629083 0.18277648845594735 0.12355735613253511 0.28460856315998845 0.3823118330221225 0.44578190233798776 1.0 0.44450183673468063 0.3904928798271372 0.29519890973469387 0.23702867373762382
-0.0003895573200222824 0.14607536994810394 0.2010062162681138 0.13190910594042302 0.2529184559167366 0.31889213507665165 0.39359960834943697 0.44450183673468063 1.0 0.4348784283541853 0.35627751569675875 0.270675241818976
0.044217226207711416 0.13356212232704093 0.22282150627809488 0.1540137680946108 0.2175093193965211 0.2680449757391502 0.31399065107774327 0.3904928798271372 0.4348784283541853 1.0 0.40360796204301924 0.3540608246737382
0.08918831295965908 0.10904753573782007 0.2653458292929725 0.19218525025273728 0.16112671538326 0.21971657519423238 0.2629680491055053 0.29519890973469387 0.35627751569675875 0.40360796204301924 1.0 0.39927053927754624
0.15380815774156306 0.08686621716594038 0.3608303470552133 0.22282025016083745 0.14371510523957415 0.1770755674921225 0.20321033059114188 0.23702867373762382 0.270675241818976 0.3540608246737382 0.39927053927754624 1.0
OPTION EM-REML 10
OPTION use_yams
OPTION max_string_readline 15000
OPTION max_field_readline 15000

OPTION se_covar_function H2_1 G_19_19_1_1/(G_19_19_1_1+G_3_3_1_1+R_1_1)
OPTION se_covar_function H2_2 G_19_19_2_2/(G_19_19_2_2+G_3_3_2_2+R_2_2)
OPTION se_covar_function H2_3 G_19_19_3_3/(G_19_19_3_3+G_3_3_3_3+R_3_3)
OPTION se_covar_function H2_4 G_19_19_4_4/(G_19_19_4_4+G_3_3_4_4+R_4_4)
OPTION se_covar_function H2_5 G_19_19_5_5/(G_19_19_5_5+G_3_3_5_5+R_5_5)
OPTION se_covar_function H2_6 G_19_19_6_6/(G_19_19_6_6+G_3_3_6_6+R_6_6)
OPTION se_covar_function H2_7 G_19_19_7_7/(G_19_19_7_7+G_3_3_7_7+R_7_7)
OPTION se_covar_function H2_8 G_19_19_8_8/(G_19_19_8_8+G_3_3_8_8+R_8_8)
OPTION se_covar_function H2_9 G_19_19_9_9/(G_19_19_9_9+G_3_3_9_9+R_9_9)
OPTION se_covar_function H2_10 G_19_19_10_10/(G_19_19_10_10+G_3_3_10_10+R_10_10)
OPTION se_covar_function H2_11 G_19_19_11_11/(G_19_19_11_11+G_3_3_11_11+R_11_11)
OPTION se_covar_function H2_12 G_19_19_12_12/(G_19_19_12_12+G_3_3_12_12+R_12_12)

OPTION se_covar_function rg12 G_19_19_1_1/(G_19_19_1_1+G_19_19_2_2+R_1_1+R_2_2)
OPTION se_covar_function rg13 G_19_19_1_1/(G_19_19_1_1+G_19_19_3_3+R_1_1+R_3_3)
OPTION se_covar_function rg14 G_19_19_1_1/(G_19_19_1_1+G_19_19_4_4+R_1_1+R_4_4)
OPTION se_covar_function rg15 G_19_19_1_1/(G_19_19_1_1+G_19_19_5_5+R_1_1+R_5_5)
OPTION se_covar_function rg16 G_19_19_1_1/(G_19_19_1_1+G_19_19_6_6+R_1_1+R_6_6)
OPTION se_covar_function rg17 G_19_19_1_1/(G_19_19_1_1+G_19_19_7_7+R_1_1+R_7_7)
OPTION se_covar_function rg18 G_19_19_1_1/(G_19_19_1_1+G_19_19_8_8+R_1_1+R_8_8)
OPTION se_covar_function rg19 G_19_19_1_1/(G_19_19_1_1+G_19_19_9_9+R_1_1+R_9_9)
OPTION se_covar_function rg110 G_19_19_1_1/(G_19_19_1_1+G_19_19_10_10+R_1_1+R_10_10)
OPTION se_covar_function rg111 G_19_19_1_1/(G_19_19_1_1+G_19_19_11_11+R_1_1+R_11_11)
OPTION se_covar_function rg112 G_19_19_1_1/(G_19_19_1_1+G_19_19_12_12+R_1_1+R_12_12)

OPTION se_covar_function rg23 G_19_19_2_2/(G_19_19_2_2+G_19_19_3_3+R_1_1+R_3_3)
OPTION se_covar_function rg24 G_19_19_2_2/(G_19_19_2_2+G_19_19_4_4+R_1_1+R_4_4)
OPTION se_covar_function rg25 G_19_19_2_2/(G_19_19_2_2+G_19_19_5_5+R_1_1+R_5_5)
OPTION se_covar_function rg26 G_19_19_2_2/(G_19_19_2_2+G_19_19_6_6+R_1_1+R_6_6)
OPTION se_covar_function rg27 G_19_19_2_2/(G_19_19_2_2+G_19_19_7_7+R_1_1+R_7_7)
OPTION se_covar_function rg28 G_19_19_2_2/(G_19_19_2_2+G_19_19_8_8+R_1_1+R_8_8)
OPTION se_covar_function rg29 G_19_19_2_2/(G_19_19_2_2+G_19_19_9_9+R_1_1+R_9_9)
OPTION se_covar_function rg210 G_19_19_2_2/(G_19_19_2_2+G_19_19_10_10+R_1_1+R_10_10)
OPTION se_covar_function rg211 G_19_19_2_2/(G_19_19_2_2+G_19_19_11_11+R_1_1+R_11_11)
OPTION se_covar_function rg212 G_19_19_2_2/(G_19_19_2_2+G_19_19_12_12+R_1_1+R_12_12)

OPTION se_covar_function rg34 G_19_19_3_3/(G_19_19_3_3+G_19_19_4_4+R_1_1+R_4_4)
OPTION se_covar_function rg35 G_19_19_3_3/(G_19_19_3_3+G_19_19_5_5+R_1_1+R_5_5)
OPTION se_covar_function rg36 G_19_19_3_3/(G_19_19_3_3+G_19_19_6_6+R_1_1+R_6_6)
OPTION se_covar_function rg37 G_19_19_3_3/(G_19_19_3_3+G_19_19_7_7+R_1_1+R_7_7)
OPTION se_covar_function rg38 G_19_19_3_3/(G_19_19_3_3+G_19_19_8_8+R_1_1+R_8_8)
OPTION se_covar_function rg39 G_19_19_3_3/(G_19_19_3_3+G_19_19_9_9+R_1_1+R_9_9)
OPTION se_covar_function rg310 G_19_19_3_3/(G_19_19_3_3+G_19_19_10_10+R_1_1+R_10_10)
OPTION se_covar_function rg311 G_19_19_3_3/(G_19_19_3_3+G_19_19_11_11+R_1_1+R_11_11)
OPTION se_covar_function rg312 G_19_19_3_3/(G_19_19_3_3+G_19_19_12_12+R_1_1+R_12_12)

OPTION se_covar_function rg45 G_19_19_4_4/(G_19_19_4_4+G_19_19_5_5+R_1_1+R_5_5)
OPTION se_covar_function rg46 G_19_19_4_4/(G_19_19_4_4+G_19_19_6_6+R_1_1+R_6_6)
OPTION se_covar_function rg47 G_19_19_4_4/(G_19_19_4_4+G_19_19_7_7+R_1_1+R_7_7)
OPTION se_covar_function rg48 G_19_19_4_4/(G_19_19_4_4+G_19_19_8_8+R_1_1+R_8_8)
OPTION se_covar_function rg49 G_19_19_4_4/(G_19_19_4_4+G_19_19_9_9+R_1_1+R_9_9)
OPTION se_covar_function rg410 G_19_19_4_4/(G_19_19_4_4+G_19_19_10_10+R_1_1+R_10_10)
OPTION se_covar_function rg411 G_19_19_4_4/(G_19_19_4_4+G_19_19_11_11+R_1_1+R_11_11)
OPTION se_covar_function rg412 G_19_19_4_4/(G_19_19_4_4+G_19_19_12_12+R_1_1+R_12_12)

OPTION se_covar_function rg56 G_19_19_5_5/(G_19_19_5_5+G_19_19_6_6+R_1_1+R_6_6)
OPTION se_covar_function rg57 G_19_19_5_5/(G_19_19_5_5+G_19_19_7_7+R_1_1+R_7_7)
OPTION se_covar_function rg58 G_19_19_5_5/(G_19_19_5_5+G_19_19_8_8+R_1_1+R_8_8)
OPTION se_covar_function rg59 G_19_19_5_5/(G_19_19_5_5+G_19_19_9_9+R_1_1+R_9_9)
OPTION se_covar_function rg510 G_19_19_5_5/(G_19_19_5_5+G_19_19_10_10+R_1_1+R_10_10)
OPTION se_covar_function rg511 G_19_19_5_5/(G_19_19_5_5+G_19_19_11_11+R_1_1+R_11_11)
OPTION se_covar_function rg512 G_19_19_5_5/(G_19_19_5_5+G_19_19_12_12+R_1_1+R_12_12)

OPTION se_covar_function rg67 G_19_19_6_6/(G_19_19_6_6+G_19_19_7_7+R_1_1+R_7_7)
OPTION se_covar_function rg68 G_19_19_6_6/(G_19_19_6_6+G_19_19_8_8+R_1_1+R_8_8)
OPTION se_covar_function rg69 G_19_19_6_6/(G_19_19_6_6+G_19_19_9_9+R_1_1+R_9_9)
OPTION se_covar_function rg610 G_19_19_6_6/(G_19_19_6_6+G_19_19_10_10+R_1_1+R_10_10)
OPTION se_covar_function rg611 G_19_19_6_6/(G_19_19_6_6+G_19_19_11_11+R_1_1+R_11_11)
OPTION se_covar_function rg612 G_19_19_6_6/(G_19_19_6_6+G_19_19_12_12+R_1_1+R_12_12)

OPTION se_covar_function rg78 G_19_19_7_7/(G_19_19_7_7+G_19_19_8_8+R_1_1+R_8_8)
OPTION se_covar_function rg79 G_19_19_7_7/(G_19_19_7_7+G_19_19_9_9+R_1_1+R_9_9)
OPTION se_covar_function rg710 G_19_19_7_7/(G_19_19_7_7+G_19_19_10_10+R_1_1+R_10_10)
OPTION se_covar_function rg711 G_19_19_7_7/(G_19_19_7_7+G_19_19_11_11+R_1_1+R_11_11)
OPTION se_covar_function rg712 G_19_19_7_7/(G_19_19_7_7+G_19_19_12_12+R_1_1+R_12_12)

OPTION se_covar_function rg89 G_19_19_8_8/(G_19_19_8_8+G_19_19_9_9+R_1_1+R_9_9)
OPTION se_covar_function rg810 G_19_19_8_8/(G_19_19_8_8+G_19_19_10_10+R_1_1+R_10_10)
OPTION se_covar_function rg811 G_19_19_8_8/(G_19_19_8_8+G_19_19_11_11+R_1_1+R_11_11)
OPTION se_covar_function rg812 G_19_19_8_8/(G_19_19_8_8+G_19_19_12_12+R_1_1+R_12_12)

OPTION se_covar_function rg910 G_19_19_9_9/(G_19_19_9_9+G_19_19_10_10+R_1_1+R_10_10)
OPTION se_covar_function rg911 G_19_19_9_9/(G_19_19_9_9+G_19_19_11_11+R_1_1+R_11_11)
OPTION se_covar_function rg912 G_19_19_9_9/(G_19_19_9_9+G_19_19_12_12+R_1_1+R_12_12)

OPTION se_covar_function rg1011 G_19_19_10_10/(G_19_19_10_10+G_19_19_11_11+R_1_1+R_11_11)
OPTION se_covar_function rg1012 G_19_19_10_10/(G_19_19_10_10+G_19_19_12_12+R_1_1+R_12_12)

OPTION se_covar_function rg1112 G_19_19_11_11/(G_19_19_11_11+G_19_19_12_12+R_1_1+R_12_12)
