DATAFILE
renf90.dat
NUMBER_OF_TRAITS
7
NUMBER_OF_EFFECTS
19
# The model is the following:
# Milk/Fat/Protein = Farm + Lactation_no + (animal)
OBSERVATION(S)
1 2 3 4 5 6 7
# Milk, SCC 1-11
WEIGHT(S)

EFFECTS: POSITIONS_IN_DATAFILE NUMBER_OF_LEVELS TYPE_OF_EFFECT[EFFECT NESTED]
8 8 8 8 8 8 8 1 cov
# 1 Lactation no
9 9 9 9 9 9 9 1 cov
# 2 Cow's Age
10 10 10 10 10 10 10 1452 cross
# 3 Farm
11 11 11 11 11 11 11 12 cross
# 4 Season
12 12 12 12 12 12 12 7 cross
# 5 Year
13 13 13 13 13 13 13 81 cross
# 6 First test day
14 14 14 14 14 14 14 134 cross
# 7 Second test day
15 15 15 15 15 15 15 149 cross
# 8 Third test day
16 16 16 16 16 16 16 158 cross
# 9 Fourth test day
17 17 17 17 17 17 17 162 cross
# 10 Fifth test day
18 18 18 18 18 18 18 169 cross
# 11 Sixth test day
19 19 19 19 19 19 19 160 cross
# 12 Seventh test day
20 20 20 20 20 20 20 144 cross
# 13 Eigth test day
21 21 21 21 21 21 21 117 cross
# 14 Ninth test day
22 22 22 22 22 22 22 87 cross
# 15 Tenth test day
23 23 23 23 23 23 23 56 cross
# 16 Eleventh test day
24 24 24 24 24 24 24 26 cross
# 17 Twelth test day
25 25 25 25 25 25 25 4 cross
# 18 Thirteenth test day
26 26 26 26 26 26 26 214410 cross
# 19 The animal itself
RANDOM_RESIDUAL VALUES
8370.06 -10019.8 2331.16 2263.7 -5721.07 -4366.3 -3807.18
-10019.8 878374.56 21368.98 16577.84 143603.32 109027.58 93361.62
2331.16 21368.98 252866.47 61535.72 34746.1 39003.94 48295.16
2263.7 16577.84 61535.72 240109.69 25882.71 31160.23 35504.7
-5721.07 143603.32 34746.1 25882.71 640246.4 166034.05 132157.91
-4366.3 109027.58 39003.94 31160.23 166034.05 594511.64 180025.27
-3807.18 93361.62 48295.16 35504.7 132157.91 180025.27 610456.39
RANDOM_GROUP
19
RANDOM_TYPE
add_an_upginb
FILE
renadd19.ped 
(CO)VARIANCES
1.0 -0.1168571217033566 0.06809283933888914 0.06793478472979354 -0.0781801269128494 -0.06666168762389854 -0.06115647677307129
-0.1168571217033566 1.0 0.05213989754127184 0.042022626909575915 0.19148100077784708 0.1607443915628284 0.1406514985740475
0.06809283933888914 0.05213989754127184 1.0 0.2386013048426536 0.1019132749096241 0.11508276060040702 0.14954583556606205
0.06793478472979354 0.042022626909575915 0.2386013048426536 1.0 0.07645564331758996 0.09257413229529064 0.11003397018361487
-0.0781801269128494 0.19148100077784708 0.1019132749096241 0.07645564331758996 1.0 0.26591545081942514 0.223433371722096
-0.06666168762389854 0.1607443915628284 0.11508276060040702 0.09257413229529064 0.26591545081942514 1.0 0.2954017862006469
-0.06115647677307129 0.1406514985740475 0.14954583556606205 0.11003397018361487 0.223433371722096 0.2954017862006469 1.0
RANDOM_GROUP
3
RANDOM_TYPE
diagonal
FILE

(CO)VARIANCES
1.0 -0.11769919751006624 0.1784030583670585 0.15834503512557918 -0.07338397971621864 -0.047045134415483164 -0.04330582319435836
-0.11769919751006624 1.0 0.045847428639627666 0.03416139779271502 0.24775610446176835 0.22079068339316385 0.17746300394568898
0.1784030583670585 0.045847428639627666 1.0 0.36794484402279015 0.11663070303046788 0.12145108741573195 0.17393042391385788
0.15834503512557918 0.03416139779271502 0.36794484402279015 1.0 0.07104197056101177 0.07647883564999063 0.10474451162671904
-0.07338397971621864 0.24775610446176835 0.11663070303046788 0.07104197056101177 1.0 0.36622752783877854 0.3206928235103277
-0.047045134415483164 0.22079068339316385 0.12145108741573195 0.07647883564999063 0.36622752783877854 1.0 0.4199025468060641
-0.04330582319435836 0.17746300394568898 0.17393042391385788 0.10474451162671904 0.3206928235103277 0.4199025468060641 1.0
OPTION EM-REML 10
OPTION use_yams
OPTION max_string_readline 15000
OPTION max_field_readline 15000

OPTION se_covar_function H2_1 G_19_19_1_1/(G_19_19_1_1+G_3_3_1_1+R_1_1)
OPTION se_covar_function H2_2 G_19_19_2_2/(G_19_19_2_2+G_3_3_2_2+R_2_2)
OPTION se_covar_function H2_3 G_19_19_3_3/(G_19_19_3_3+G_3_3_3_3+R_3_3)
OPTION se_covar_function H2_4 G_19_19_4_4/(G_19_19_4_4+G_3_3_4_4+R_4_4)
OPTION se_covar_function H2_5 G_19_19_5_5/(G_19_19_5_5+G_3_3_5_5+R_5_5)
OPTION se_covar_function H2_6 G_19_19_6_6/(G_19_19_6_6+G_3_3_6_6+R_6_6)
OPTION se_covar_function H2_7 G_19_19_7_7/(G_19_19_7_7+G_3_3_7_7+R_7_7)

OPTION se_covar_function rg12 G_19_19_1_1/(G_19_19_1_1+G_19_19_2_2+R_1_1+R_2_2)
OPTION se_covar_function rg13 G_19_19_1_1/(G_19_19_1_1+G_19_19_3_3+R_1_1+R_3_3)
OPTION se_covar_function rg14 G_19_19_1_1/(G_19_19_1_1+G_19_19_4_4+R_1_1+R_4_4)
OPTION se_covar_function rg15 G_19_19_1_1/(G_19_19_1_1+G_19_19_5_5+R_1_1+R_5_5)
OPTION se_covar_function rg16 G_19_19_1_1/(G_19_19_1_1+G_19_19_6_6+R_1_1+R_6_6)
OPTION se_covar_function rg17 G_19_19_1_1/(G_19_19_1_1+G_19_19_7_7+R_1_1+R_7_7)

OPTION se_covar_function rg23 G_19_19_2_2/(G_19_19_2_2+G_19_19_3_3+R_1_1+R_3_3)
OPTION se_covar_function rg24 G_19_19_2_2/(G_19_19_2_2+G_19_19_4_4+R_1_1+R_4_4)
OPTION se_covar_function rg25 G_19_19_2_2/(G_19_19_2_2+G_19_19_5_5+R_1_1+R_5_5)
OPTION se_covar_function rg26 G_19_19_2_2/(G_19_19_2_2+G_19_19_6_6+R_1_1+R_6_6)
OPTION se_covar_function rg27 G_19_19_2_2/(G_19_19_2_2+G_19_19_7_7+R_1_1+R_7_7)

OPTION se_covar_function rg34 G_19_19_3_3/(G_19_19_3_3+G_19_19_4_4+R_1_1+R_4_4)
OPTION se_covar_function rg35 G_19_19_3_3/(G_19_19_3_3+G_19_19_5_5+R_1_1+R_5_5)
OPTION se_covar_function rg36 G_19_19_3_3/(G_19_19_3_3+G_19_19_6_6+R_1_1+R_6_6)
OPTION se_covar_function rg37 G_19_19_3_3/(G_19_19_3_3+G_19_19_7_7+R_1_1+R_7_7)

OPTION se_covar_function rg45 G_19_19_4_4/(G_19_19_4_4+G_19_19_5_5+R_1_1+R_5_5)
OPTION se_covar_function rg46 G_19_19_4_4/(G_19_19_4_4+G_19_19_6_6+R_1_1+R_6_6)
OPTION se_covar_function rg47 G_19_19_4_4/(G_19_19_4_4+G_19_19_7_7+R_1_1+R_7_7)

OPTION se_covar_function rg56 G_19_19_5_5/(G_19_19_5_5+G_19_19_6_6+R_1_1+R_6_6)
OPTION se_covar_function rg57 G_19_19_5_5/(G_19_19_5_5+G_19_19_7_7+R_1_1+R_7_7)

OPTION se_covar_function rg67 G_19_19_6_6/(G_19_19_6_6+G_19_19_7_7+R_1_1+R_7_7)
