DATAFILE
renf90.dat
NUMBER_OF_TRAITS
6
NUMBER_OF_EFFECTS
19
# The model is the following:
# Milk/Fat/Protein = Farm + Lactation_no + (animal)
OBSERVATION(S)
1 2 3 4 5 6
# Milk, SCC 1-11
WEIGHT(S)

EFFECTS: POSITIONS_IN_DATAFILE NUMBER_OF_LEVELS TYPE_OF_EFFECT[EFFECT NESTED]
7 7 7 7 7 7 1 cov
# 1 Lactation no
8 8 8 8 8 8 1 cov
# 2 Cow's Age
9 9 9 9 9 9 700 cross
# 3 Farm
10 10 10 10 10 10 12 cross
# 4 Season
11 11 11 11 11 11 7 cross
# 5 Year
12 12 12 12 12 12 75 cross
# 6 First test day
13 13 13 13 13 13 114 cross
# 7 Second test day
14 14 14 14 14 14 130 cross
# 8 Third test day
15 15 15 15 15 15 146 cross
# 9 Fourth test day
16 16 16 16 16 16 157 cross
# 10 Fifth test day
17 17 17 17 17 17 154 cross
# 11 Sixth test day
18 18 18 18 18 18 156 cross
# 12 Seventh test day
19 19 19 19 19 19 146 cross
# 13 Eigth test day
20 20 20 20 20 20 120 cross
# 14 Ninth test day
21 21 21 21 21 21 93 cross
# 15 Tenth test day
22 22 22 22 22 22 60 cross
# 16 Eleventh test day
23 23 23 23 23 23 26 cross
# 17 Twelth test day
24 24 24 24 24 24 4 cross
# 18 Thirteenth test day
25 25 25 25 25 25 128430 cross
# 19 The animal itself
RANDOM_RESIDUAL VALUES
7427.46 -1558.45 -864.6 -37.14 412.65 1590.97
-1558.45 464806.63 134613.62 106882.79 88746.43 73487.41
-864.6 134613.62 380191.06 110879.6 83405.78 67932.21
-37.14 106882.79 110879.6 372853.94 99448.81 78245.26
412.65 88746.43 83405.78 99448.81 312278.64 88201.45
1590.97 73487.41 67932.21 78245.26 88201.45 276740.32
RANDOM_GROUP
19
RANDOM_TYPE
add_an_upginb
FILE
renadd19.ped 
(CO)VARIANCES
1.0 -0.033117738056607865 -0.021290110825806303 -0.0009565771286999789 0.011904924363943269 0.0493757567304276
-0.033117738056607865 1.0 0.3167945263771498 0.2696045649239411 0.25084202887743223 0.22370795905195695
-0.021290110825806303 0.3167945263771498 1.0 0.2912805943167342 0.2546337296814842 0.2250026841974442
-0.0009565771286999789 0.2696045649239411 0.2912805943167342 1.0 0.2878617708192449 0.2566274670612513
0.011904924363943269 0.25084202887743223 0.2546337296814842 0.2878617708192449 1.0 0.2963862905683349
0.0493757567304276 0.22370795905195695 0.2250026841974442 0.2566274670612513 0.2963862905683349 1.0
RANDOM_GROUP
3
RANDOM_TYPE
diagonal
FILE

(CO)VARIANCES
1.0 -0.022372588885104717 0.016206336391595064 0.07772100375898401 0.07502149627358036 0.14568090196916098
-0.022372588885104717 1.0 0.42850704756918623 0.4059496950862381 0.32654389382736404 0.2779275129353936
0.016206336391595064 0.42850704756918623 1.0 0.4458109335298751 0.4144097065995515 0.31936659061235395
0.07772100375898401 0.4059496950862381 0.4458109335298751 1.0 0.43819830758346 0.3859160223949389
0.07502149627358036 0.32654389382736404 0.4144097065995515 0.43819830758346 1.0 0.42989243139025307
0.14568090196916098 0.2779275129353936 0.31936659061235395 0.3859160223949389 0.42989243139025307 1.0

OPTION EM-REML 10
#OPTION use_yams
#OPTION max_string_readline 15000
#OPTION max_field_readline 15000

OPTION se_covar_function H2_1 G_19_19_1_1/(G_19_19_1_1+G_3_3_1_1+R_1_1)
OPTION se_covar_function H2_2 G_19_19_2_2/(G_19_19_2_2+G_3_3_2_2+R_2_2)
OPTION se_covar_function H2_3 G_19_19_3_3/(G_19_19_3_3+G_3_3_3_3+R_3_3)
OPTION se_covar_function H2_4 G_19_19_4_4/(G_19_19_4_4+G_3_3_4_4+R_4_4)
OPTION se_covar_function H2_5 G_19_19_5_5/(G_19_19_5_5+G_3_3_5_5+R_5_5)
OPTION se_covar_function H2_6 G_19_19_6_6/(G_19_19_6_6+G_3_3_6_6+R_6_6)

OPTION se_covar_function rg12 G_19_19_1_1/(G_19_19_1_1+G_19_19_2_2+R_1_1+R_2_2)
OPTION se_covar_function rg13 G_19_19_1_1/(G_19_19_1_1+G_19_19_3_3+R_1_1+R_3_3)
OPTION se_covar_function rg14 G_19_19_1_1/(G_19_19_1_1+G_19_19_4_4+R_1_1+R_4_4)
OPTION se_covar_function rg15 G_19_19_1_1/(G_19_19_1_1+G_19_19_5_5+R_1_1+R_5_5)
OPTION se_covar_function rg16 G_19_19_1_1/(G_19_19_1_1+G_19_19_6_6+R_1_1+R_6_6)

OPTION se_covar_function rg23 G_19_19_2_2/(G_19_19_2_2+G_19_19_3_3+R_1_1+R_3_3)
OPTION se_covar_function rg24 G_19_19_2_2/(G_19_19_2_2+G_19_19_4_4+R_1_1+R_4_4)
OPTION se_covar_function rg25 G_19_19_2_2/(G_19_19_2_2+G_19_19_5_5+R_1_1+R_5_5)
OPTION se_covar_function rg26 G_19_19_2_2/(G_19_19_2_2+G_19_19_6_6+R_1_1+R_6_6)

OPTION se_covar_function rg34 G_19_19_3_3/(G_19_19_3_3+G_19_19_4_4+R_1_1+R_4_4)
OPTION se_covar_function rg35 G_19_19_3_3/(G_19_19_3_3+G_19_19_5_5+R_1_1+R_5_5)
OPTION se_covar_function rg36 G_19_19_3_3/(G_19_19_3_3+G_19_19_6_6+R_1_1+R_6_6)

OPTION se_covar_function rg45 G_19_19_4_4/(G_19_19_4_4+G_19_19_5_5+R_1_1+R_5_5)
OPTION se_covar_function rg46 G_19_19_4_4/(G_19_19_4_4+G_19_19_6_6+R_1_1+R_6_6)

OPTION se_covar_function rg56 G_19_19_5_5/(G_19_19_5_5+G_19_19_6_6+R_1_1+R_6_6)
