DATAFILE
renf90.dat
NUMBER_OF_TRAITS
7
NUMBER_OF_EFFECTS
19
# The model is the following:
# Milk/Fat/Protein = Farm + Lactation_no + (animal)
OBSERVATION(S)
1 2 3 4 5 6 7
# Milk, SCC 1-11
WEIGHT(S)

EFFECTS: POSITIONS_IN_DATAFILE NUMBER_OF_LEVELS TYPE_OF_EFFECT[EFFECT NESTED]
8 8 8 8 8 8 8 1 cov
# 1 Lactation no
9 9 9 9 9 9 9 1 cov
# 2 Cow's Age
10 10 10 10 10 10 10 700 cross
# 3 Farm
11 11 11 11 11 11 11 12 cross
# 4 Season
12 12 12 12 12 12 12 7 cross
# 5 Year
13 13 13 13 13 13 13 75 cross
# 6 First test day
14 14 14 14 14 14 14 114 cross
# 7 Second test day
15 15 15 15 15 15 15 130 cross
# 8 Third test day
16 16 16 16 16 16 16 146 cross
# 9 Fourth test day
17 17 17 17 17 17 17 157 cross
# 10 Fifth test day
18 18 18 18 18 18 18 154 cross
# 11 Sixth test day
19 19 19 19 19 19 19 156 cross
# 12 Seventh test day
20 20 20 20 20 20 20 146 cross
# 13 Eigth test day
21 21 21 21 21 21 21 120 cross
# 14 Ninth test day
22 22 22 22 22 22 22 93 cross
# 15 Tenth test day
23 23 23 23 23 23 23 60 cross
# 16 Eleventh test day
24 24 24 24 24 24 24 26 cross
# 17 Twelth test day
25 25 25 25 25 25 25 4 cross
# 18 Thirteenth test day
26 26 26 26 26 26 26 128430 cross
# 19 The animal itself
RANDOM_RESIDUAL VALUES
5818804.36 -179461.14 53971.54 44231.68 -103342.21 -86538.69 -65270.67
-179461.14 609773.47 21574.32 15986.84 90661.59 68153.4 63323.27
53971.54 21574.32 240196.86 51991.66 27193.55 33308.93 42664.84
44231.68 15986.84 51991.66 176385.39 25124.39 24446.45 26780.0
-103342.21 90661.59 27193.55 25124.39 480384.01 118226.29 88593.98
-86538.69 68153.4 33308.93 24446.45 118226.29 435895.6 124241.14
-65270.67 63323.27 42664.84 26780.0 88593.98 124241.14 470300.26
RANDOM_GROUP
19
RANDOM_TYPE
add_an_upginb
FILE
renadd19.ped 
(CO)VARIANCES
1.0 -0.09527287491448493 0.06303931007689151 0.060247042820475764 -0.06185406297294997 -0.059737306750205214 -0.04633230125133258
-0.09527287491448493 1.0 0.06454528784259815 0.05454064707916514 0.16764879544789327 0.1380631486385365 0.12723232530155826
0.06303931007689151 0.06454528784259815 1.0 0.24212370217832324 0.09627449037371703 0.12272420561928665 0.14864301639256966
0.060247042820475764 0.05454064707916514 0.24212370217832324 1.0 0.10118730466973444 0.10389413726749422 0.10807154174279172
-0.06185406297294997 0.16764879544789327 0.09627449037371703 0.10118730466973444 1.0 0.2548633860849143 0.1960890053134616
-0.059737306750205214 0.1380631486385365 0.12272420561928665 0.10389413726749422 0.2548633860849143 1.0 0.271568311469943
-0.04633230125133258 0.12723232530155826 0.14864301639256966 0.10807154174279172 0.1960890053134616 0.271568311469943 1.0
RANDOM_GROUP
3
RANDOM_TYPE
diagonal
FILE

(CO)VARIANCES
1.0 -0.10276862625695887 0.16336861897249275 0.16009792185467325 -0.06362858540788781 -0.04376262657783729 -0.032945571852898946
-0.10276862625695887 1.0 0.06537996880305134 0.03453064343670187 0.2785785736353648 0.20405676237828024 0.18196880010589264
0.16336861897249275 0.06537996880305134 1.0 0.3460770106658531 0.10950147190772484 0.15218153081965768 0.15940815644302758
0.16009792185467325 0.03453064343670187 0.3460770106658531 1.0 0.07207592359723981 0.09248954432381838 0.08538233499557812
-0.06362858540788781 0.2785785736353648 0.10950147190772484 0.07207592359723981 1.0 0.40625708059632215 0.3542868927861129
-0.04376262657783729 0.20405676237828024 0.15218153081965768 0.09248954432381838 0.40625708059632215 1.0 0.4554773640436202
-0.032945571852898946 0.18196880010589264 0.15940815644302758 0.08538233499557812 0.3542868927861129 0.4554773640436202 1.0

OPTION EM-REML 10
#OPTION use_yams
#OPTION max_string_readline 15000
#OPTION max_field_readline 15000

OPTION se_covar_function H2_1 G_19_19_1_1/(G_19_19_1_1+G_3_3_1_1+R_1_1)
OPTION se_covar_function H2_2 G_19_19_2_2/(G_19_19_2_2+G_3_3_2_2+R_2_2)
OPTION se_covar_function H2_3 G_19_19_3_3/(G_19_19_3_3+G_3_3_3_3+R_3_3)
OPTION se_covar_function H2_4 G_19_19_4_4/(G_19_19_4_4+G_3_3_4_4+R_4_4)
OPTION se_covar_function H2_5 G_19_19_5_5/(G_19_19_5_5+G_3_3_5_5+R_5_5)
OPTION se_covar_function H2_6 G_19_19_6_6/(G_19_19_6_6+G_3_3_6_6+R_6_6)
OPTION se_covar_function H2_7 G_19_19_7_7/(G_19_19_7_7+G_3_3_7_7+R_7_7)

OPTION se_covar_function rg12 G_19_19_1_1/(G_19_19_1_1+G_19_19_2_2+R_1_1+R_2_2)
OPTION se_covar_function rg13 G_19_19_1_1/(G_19_19_1_1+G_19_19_3_3+R_1_1+R_3_3)
OPTION se_covar_function rg14 G_19_19_1_1/(G_19_19_1_1+G_19_19_4_4+R_1_1+R_4_4)
OPTION se_covar_function rg15 G_19_19_1_1/(G_19_19_1_1+G_19_19_5_5+R_1_1+R_5_5)
OPTION se_covar_function rg16 G_19_19_1_1/(G_19_19_1_1+G_19_19_6_6+R_1_1+R_6_6)
OPTION se_covar_function rg17 G_19_19_1_1/(G_19_19_1_1+G_19_19_7_7+R_1_1+R_7_7)

OPTION se_covar_function rg23 G_19_19_2_2/(G_19_19_2_2+G_19_19_3_3+R_1_1+R_3_3)
OPTION se_covar_function rg24 G_19_19_2_2/(G_19_19_2_2+G_19_19_4_4+R_1_1+R_4_4)
OPTION se_covar_function rg25 G_19_19_2_2/(G_19_19_2_2+G_19_19_5_5+R_1_1+R_5_5)
OPTION se_covar_function rg26 G_19_19_2_2/(G_19_19_2_2+G_19_19_6_6+R_1_1+R_6_6)
OPTION se_covar_function rg27 G_19_19_2_2/(G_19_19_2_2+G_19_19_7_7+R_1_1+R_7_7)

OPTION se_covar_function rg34 G_19_19_3_3/(G_19_19_3_3+G_19_19_4_4+R_1_1+R_4_4)
OPTION se_covar_function rg35 G_19_19_3_3/(G_19_19_3_3+G_19_19_5_5+R_1_1+R_5_5)
OPTION se_covar_function rg36 G_19_19_3_3/(G_19_19_3_3+G_19_19_6_6+R_1_1+R_6_6)
OPTION se_covar_function rg37 G_19_19_3_3/(G_19_19_3_3+G_19_19_7_7+R_1_1+R_7_7)

OPTION se_covar_function rg45 G_19_19_4_4/(G_19_19_4_4+G_19_19_5_5+R_1_1+R_5_5)
OPTION se_covar_function rg46 G_19_19_4_4/(G_19_19_4_4+G_19_19_6_6+R_1_1+R_6_6)
OPTION se_covar_function rg47 G_19_19_4_4/(G_19_19_4_4+G_19_19_7_7+R_1_1+R_7_7)

OPTION se_covar_function rg56 G_19_19_5_5/(G_19_19_5_5+G_19_19_6_6+R_1_1+R_6_6)
OPTION se_covar_function rg57 G_19_19_5_5/(G_19_19_5_5+G_19_19_7_7+R_1_1+R_7_7)

OPTION se_covar_function rg67 G_19_19_6_6/(G_19_19_6_6+G_19_19_7_7+R_1_1+R_7_7)
